515155151515 
161616161615 
171717171771 
34353352543 
34535353535 
1234567890 
0987654321 
13245678980 
-8097342 
12346578690 
111111111111111 
222222222222222 
333333333333333 
444444444444444 
555555555555555 
1212121212 
1313131313 
1414141414 
1515151515 
1616161616 
123512424 
421342521 
4234215 
`25 
341234 
515155151515 
161616161615 
171717171771 
34353352543 
34535353535 
1234567890 
0987654321 
13245678980 
-8097342 
12346578690 
111111111111111 
222222222222222 
333333333333333 
444444444444444 
555555555555555 
1212121212 
1313131313 
1414141414 
1515151515 
1616161616 
123512424 
421342521 
4234215 
`25 
341234 
