160 
804 
1060 
1080 
1380 
1400 
1420 
1720 
2000 
2012 
2032 
2068 
2480 
2920 
3028 
3036 
3220 
3380 
3700 
4008 
4036 
3340 
3180 
3680 
4108 
4140 
4200 
4208 
4440 
4508 
4708 
4720 
5500 
5640 
6508 
7300 
7308 
8084 
9880 
10288 
10120 
13508 
4280 
20272 
20368 
20140 
17460 
20192 
16068 
19088 
20148 
13400 
19808 
9708 
7404 
16080 
10268 
16304 
13504 
12460 
10048 
12080 
19504 
4904 
22760 
22840 
23160 
6820 
23580 
23608 
10084 
9064 
2508 
17260 
20564 
16440 
20972 
10828 
23808 
13000 
10392 
21072 
20404 
14808 
22360 
20984 
12600 
4260 
18104 
15056 
20940 
14240 
6200 
3600 
17220 
9220 
25500 
26084 
19240 
25540 
26680 
27180 
28620 
28060 
27708 
26604 
